tempo 300000
note 0 1 1 51 72
note 1 2 1 52 72
note 2 3 1 53 72
note 3 4 1 54 72
note 4 5 1 55 72
note 5 6 1 56 72
note 6 7 1 57 72
note 7 8 1 58 72
note 8 9 1 59 72
note 9 10 1 60 72
note 10 11 1 61 72
note 11 12 1 62 72
note 12 13 1 63 72
note 13 14 1 64 72
note 14 15 1 65 72
note 15 16 1 66 72
note 16 17 1 67 72
note 17 18 1 68 72
note 18 19 1 69 72
note 19 20 1 70 72
note 20 21 1 71 72
note 21 22 1 72 72
note 22 23 1 73 72
note 23 24 1 74 72
note 24 25 1 75 72
note 25 26 1 76 72
note 26 27 1 77 72
note 27 28 1 78 72
note 28 29 1 79 72
note 29 30 1 80 72
